Alasoo_2018.macrophage_IFNg	Alasoo_2018.macrophage_IFNg+Salmonella	Alasoo_2018.macrophage_naive	Alasoo_2018.macrophage_Salmonella	BLUEPRINT_PE.T-cell	BLUEPRINT_SE.monocyte	BLUEPRINT_SE.neutrophil	BrainSeq.brain	FUSION.adipose_naive	FUSION.muscle_naive	GENCORD.fibroblast	GENCORD.LCL	GENCORD.T-cell	GEUVADIS.LCL	GTEx.adipose_subcutaneous	GTEx.adipose_visceral	GTEx.adrenal_gland	GTEx.artery_aorta	GTEx.artery_coronary	GTEx.artery_tibial	GTEx.blood	GTEx.brain_amygdala	GTEx.brain_anterior_cingulate_cortex	GTEx.brain_caudate	GTEx.brain_cerebellar_hemisphere	GTEx.brain_cerebellum	GTEx.brain_cortex	GTEx.brain_frontal_cortex	GTEx.brain_hippocampus	GTEx.brain_hypothalamus	GTEx.brain_nucleus_accumbens	GTEx.brain_putamen	GTEx.brain_spinal_cord	GTEx.brain_substantia_nigra	GTEx.breast	GTEx.colon_sigmoid	GTEx.colon_transverse	GTEx.esophagus_gej	GTEx.esophagus_mucosa	GTEx.esophagus_muscularis	GTEx.fibroblast	GTEx.heart_atrial_appendage	GTEx.heart_left_ventricle	GTEx.LCL	GTEx.liver	GTEx.lung	GTEx.minor_salivary_gland	GTEx.muscle	GTEx.nerve_tibial	GTEx.ovary	GTEx.pancreas	GTEx.pituitary	GTEx.prostate	GTEx.skin_not_sun_exposed	GTEx.skin_sun_exposed	GTEx.small_intestine	GTEx.spleen	GTEx.stomach	GTEx.testis	GTEx.thyroid	GTEx.uterus	GTEx.vagina	HipSci.iPSC	Lepik_2017.blood	Nedelec_2016.macrophage_Listeria	Nedelec_2016.macrophage_naive	Nedelec_2016.macrophage_Salmonella	Quach_2016.monocyte_IAV	Quach_2016.monocyte_LPS	Quach_2016.monocyte_naive	Quach_2016.monocyte_Pam3CSK4	Quach_2016.monocyte_R848	ROSMAP.brain_naive	Schmiedel_2018.B-cell_naive	Schmiedel_2018.CD4_T-cell_anti-CD3-CD28	Schmiedel_2018.CD4_T-cell_naive	Schmiedel_2018.CD8_T-cell_anti-CD3-CD28	Schmiedel_2018.CD8_T-cell_naive	Schmiedel_2018.monocyte_CD16_naive	Schmiedel_2018.monocyte_naive	Schmiedel_2018.NK-cell_naive	Schmiedel_2018.Tfh_memory	Schmiedel_2018.Th1-17_memory	Schmiedel_2018.Th17_memory	Schmiedel_2018.Th1_memory	Schmiedel_2018.Th2_memory	Schmiedel_2018.Treg_memory	Schmiedel_2018.Treg_naive	Schwartzentruber_2018.sensory_neuron	TwinsUK.blood	TwinsUK.fat	TwinsUK.LCL	TwinsUK.skin	van_de_Bunt_2015.pancreatic_islet	dataset
1	0.8116752018908805	0.9218357746959468	0.8580731093680628	0.26461961916794513	0.40004736530491414	0.23112513643050348	0.21808875182044032	0.35347250531013324	0.308799280467696	0.4125438168345388	0.3678366597843542	0.43120997640714526	0.33952101345415875	0.34432618797781445	0.3477646454265159	0.3203140039785245	0.32437866278821065	0.3252102098889578	0.31757031333547214	0.4037388848694191	0.2618421896032306	0.25017651212049896	0.25438427854320195	0.22921319634994575	0.22735875135560424	0.244482972666367	0.24402887560782296	0.2594404100811619	0.2644654557872495	0.2500373827782881	0.25325188491851597	0.27731789841040155	0.2685611879160266	0.32730498728061735	0.30687525378812164	0.3326788877270108	0.31487696945079846	0.34285039606723483	0.3146877071439263	0.34514424326431603	0.3112451087305151	0.3111020827096609	0.3595705801735952	0.34225617323575985	0.35431474248148387	0.3368535586277522	0.31091574151318746	0.3015158591991847	0.2877339494266517	0.30678748431284963	0.285717310298103	0.31217900905700585	0.320670152598442	0.3196164687793628	0.3372046201123238	0.3727162772932714	0.32853087447439755	0.276685303684177	0.2955599313980817	0.29509240202838893	0.3199795213106361	0.35144951608973934	0.3840820724223544	0.5362691161144907	0.6264657428045354	0.49243783023898396	0.30327044627466004	0.3093909419682418	0.34542711401681153	0.30711753999425234	0.29290656196883	0.23795032253916548	0.28247348065048744	0.2900707932474133	0.2240498892855529	0.3006620414456083	0.22647816071186594	0.4056257829404396	0.414284394772087	0.29527372715184025	0.2326660930211494	0.23699291037169584	0.2358071677767206	0.23509566398732026	0.23343148357870894	0.2513423503024536	0.22826676305801555	0.34199466666666667	0.36178305540737993	0.34472236548048824	0.3117388517535024	0.3127144105175683	0.35423070355191255	Alasoo_2018.macrophage_IFNg
0.8116752018908805	1	0.6739654144305307	0.9340863335686459	0.2427211646136618	0.367985347985348	0.211548839719374	0.21062055111576924	0.31398729406697534	0.2772984166702619	0.35661922270092256	0.31803340302083577	0.3591203163934801	0.30441778471877146	0.33526674602315765	0.3408756597732976	0.30979331241207664	0.31531024936738977	0.3205697093010671	0.3097774313674547	0.34105033445609373	0.25448184445555094	0.24242688211851304	0.24754518595759473	0.21602130977130976	0.21745059416870496	0.23650312765632833	0.23503882055308384	0.2512218963831867	0.25447406668257444	0.2421285934681993	0.24407994786009124	0.26666522706169427	0.25969017441230635	0.3241134905028416	0.30469374959462087	0.3258923757144398	0.30959645136860325	0.3317898215178591	0.3073976279110034	0.317754953924652	0.30773396880415943	0.3052642980935875	0.30767626682731297	0.3171521734436071	0.3422771213748657	0.32725939663166065	0.2973330442324371	0.29618169707127356	0.2801218387352796	0.2894307196562836	0.27664365055538875	0.3066097713411349	0.3136785329018339	0.31167177450684164	0.3272365549993582	0.3328509098648505	0.31967389897769916	0.2763846137288245	0.2912043185810377	0.28752415718273566	0.3123908120349401	0.31540331292761975	0.32418730929098294	0.6310259253392471	0.6187923250564334	0.6508561462847479	0.3542084425934495	0.3541056095429071	0.3783179012345679	0.35000642590926617	0.3439209141096418	0.2270264365304785	0.27335355387834753	0.26706049149338373	0.21767332549941246	0.27826948948523683	0.22124371800291204	0.3611384168890137	0.37186407628468837	0.2831096066300922	0.22602998020175355	0.22771623851048786	0.22780123110304001	0.2273926770651713	0.22603466572338168	0.24280728233185547	0.22314107835075767	0.3109035208836728	0.32104787284667363	0.3199132321041215	0.28071944470499954	0.30319538348908315	0.33658967889413643	Alasoo_2018.macrophage_IFNg+Salmonella
0.9218357746959468	0.6739654144305307	1	0.7889646918013166	0.26820889196243336	0.38312612255370765	0.23011084607829382	0.23416543669383302	0.36866240392688754	0.318978102189781	0.46927661094123163	0.39518564778017484	0.4533279584341127	0.3568681318681319	0.35482901487667173	0.35839862616722123	0.3385001286339079	0.3333547640478334	0.3375501189991209	0.3287113435202846	0.4244063721070033	0.27249802320859956	0.2598797526584933	0.26774765536542117	0.24220046818472016	0.24162872824745776	0.2569282458430525	0.2578061421167602	0.2694394599675297	0.27493221171296195	0.26142408511183746	0.2649861140781884	0.2901590817130566	0.2794083118102841	0.3363821355895898	0.3187394292320538	0.3440186476198623	0.32649433533934424	0.3545298041747364	0.3248286203941731	0.3687437491846763	0.3230818688384055	0.32608882030178327	0.3846223964267809	0.3659687660888965	0.3723732077894286	0.35047138550997287	0.32609721566776784	0.3117840824566996	0.30363659509462787	0.3252354771342113	0.2986886426710167	0.32271766739951757	0.33168697883258497	0.329888525151379	0.3517830214727184	0.3979943791517629	0.3390218344346785	0.29018531520605945	0.3056750969875559	0.31214818276440726	0.3317089852098829	0.3922977663077334	0.3859661283242069	0.48707973782241715	0.6020946121657722	0.43336633196624713	0.28653837171283103	0.2914914493972526	0.33210383789336073	0.2902434465679174	0.2759023478565588	0.25005355383231226	0.28518419170243203	0.2928385883195987	0.2218748604349962	0.30879949857855976	0.22708096162860777	0.40204750572493375	0.40503796662574454	0.2948203619506107	0.22960393824121728	0.23414350297659012	0.23374966424926136	0.2328776318439129	0.2305282005371531	0.24749283667621777	0.22701495869613753	0.37101597880885245	0.3677023187608835	0.3574355214353489	0.33520667150108774	0.3212059099837732	0.3863130881094953	Alasoo_2018.macrophage_naive
0.8580731093680628	0.9340863335686459	0.7889646918013166	1	0.24660985889682976	0.3774125056659589	0.2093692311380691	0.21364268939723405	0.32978425931900796	0.289057953835212	0.39546684709066304	0.34166258370080027	0.40377435804042977	0.3244972362695519	0.34518710793856805	0.3517101223677952	0.32215374635095684	0.32658353683573577	0.32833690221270523	0.3172467498756192	0.361349449419026	0.2641832444848958	0.2497774883317052	0.25457617572514785	0.22299937396109923	0.225137555291833	0.24361424847958296	0.2414302793174655	0.2610145994888013	0.26382969517339855	0.24830469917888945	0.2528162911611785	0.2783271928123586	0.27018673813434774	0.33249120079462763	0.30891024948698564	0.3367667973968883	0.31656868678136074	0.34572377705886187	0.3157291711703922	0.33902289003119374	0.31370343126649647	0.312678494158373	0.3299460660632856	0.33214640252060945	0.35104669887278583	0.3369602688959752	0.31026640675763484	0.3036855880207663	0.2876110932648035	0.2995513384711161	0.286576491738721	0.31434476522637733	0.32083890158210115	0.31931685858455167	0.33628413197340007	0.3445212031034116	0.331113697095078	0.2827866211252175	0.29651175225099985	0.2947860389331961	0.32140240486144034	0.3390463337831759	0.3386861313868613	0.6275888421857089	0.6431419757730795	0.6069800025474462	0.3319301566742222	0.34602162323750685	0.3715566625155666	0.34349623872864044	0.3283801274392672	0.23228697600556897	0.277469862823888	0.2688002595536604	0.2172268229106595	0.28335533476921654	0.22204804278666604	0.36062261811837093	0.370937703696806	0.28388295188735496	0.22642338467230932	0.22862956368933385	0.22728639844527218	0.22664231889417966	0.22688784008883953	0.24330827067669172	0.22381589263478302	0.3356251481776839	0.32543108477028254	0.3339906388142498	0.2973595976529757	0.31105708199754717	0.35102462990497124	Alasoo_2018.macrophage_Salmonella
0.26461961916794513	0.2427211646136618	0.26820889196243336	0.24660985889682976	1	0.2886126850667154	0.22324315585255444	0.22655252011384774	0.30115295926210606	0.2682717489381368	0.25711862893867715	0.2964681556992763	0.4434364359359002	0.2704732387650495	0.2932986738335463	0.30143287918473355	0.2901425230552001	0.28817940786566504	0.2944074949731533	0.2757095140133165	0.3239957056899608	0.27180404876412034	0.263853606995931	0.2687678954903364	0.26746700301815396	0.26903313049357674	0.2666711678257151	0.2601364281050902	0.2732905361576487	0.27475153545505304	0.26729566795903276	0.26568794199265955	0.28541606520242513	0.2755238519839501	0.30094535494986085	0.2921490352628077	0.3084066794608784	0.29135550778912844	0.29890363531448355	0.2791295483756593	0.2655958411090376	0.2793062200956938	0.2801452194895181	0.29876113683913585	0.3038669183162885	0.31296591828257875	0.31864930478922976	0.26577750298105374	0.2842366386852422	0.30297653373552763	0.3012680560149961	0.30294810796389343	0.3107108752137511	0.3011063754609898	0.2963829881199488	0.3347674521224958	0.36637086296875343	0.30550343274685976	0.2569516531572322	0.2972966984267671	0.30355797775710047	0.31300121506682865	0.24444141317691992	0.3867279929811501	0.24822293823941757	0.26262932947193873	0.23453140912590972	0.21596582428328787	0.2231044883858826	0.24707940919149812	0.22221935617003716	0.20884786924127974	0.2601450428535704	0.5672786755788701	0.517898843374818	0.6647572045474575	0.5147408399136588	0.6654485441471177	0.37398249898249897	0.3416361043194784	0.6343543785839841	0.651741440377804	0.6620934358367829	0.6539548854467283	0.6650007393168712	0.6536750626012667	0.6461252544322842	0.6659115648259833	0.28050692159936413	0.37104642435938673	0.285288928098809	0.2729602320802611	0.3049003817046533	0.29242420982421413	BLUEPRINT_PE.T-cell
0.40004736530491414	0.367985347985348	0.38312612255370765	0.3774125056659589	0.2886126850667154	1	0.43822582074997785	0.1815351082048887	0.27321764120702996	0.22364217252396165	0.24317550633340107	0.2659536371666627	0.3449378164593882	0.24684087549473083	0.270201909118902	0.27342306677223543	0.2488014075214427	0.25991499856862876	0.26801876197397106	0.24965854518218267	0.5647348951911221	0.22970455150385946	0.21954639542389104	0.22534368070953437	0.20236461054775717	0.20701031840928213	0.21697671828004902	0.21369160441520793	0.22739568090106868	0.23065162962798838	0.2187458394354946	0.2221877286737477	0.23513698478927963	0.2309020858243656	0.26423685194553814	0.25497814473045166	0.26384293446107326	0.2590696442757525	0.26080335466784377	0.2522067261011563	0.24145988650272615	0.25532055664600933	0.24744791092492557	0.27152132280816477	0.24571829565141115	0.28695804732559926	0.26780314650072307	0.24369175312115351	0.2469567897158203	0.2412400105383332	0.24039742329948685	0.25085177939463216	0.2624799066346641	0.2516215268647559	0.25057012542759405	0.27234348138315234	0.29467201437745194	0.2607847007478562	0.21348808581728657	0.24639491562568486	0.25118056623251117	0.26037139470564996	0.20987710410940233	0.5291349561378028	0.3391263503992485	0.35900339750849375	0.3141264431587012	0.31928954977282115	0.3313394161589988	0.3509842356643936	0.321978779109825	0.30989447000799053	0.21008497567319118	0.30008250399628733	0.2645549049449274	0.2624302943846453	0.2691389095765171	0.2641621943947525	0.46428856436038624	0.5397435897435897	0.31123949038015164	0.27135140777079036	0.27525331661965946	0.272684544481291	0.27315914489311166	0.27073871051944665	0.2831897793020394	0.26596296488407073	0.22661506662562117	0.4178583686077108	0.2502870264064294	0.22329772232977224	0.2562048588312541	0.24706847776794005	BLUEPRINT_SE.monocyte
0.23112513643050348	0.211548839719374	0.23011084607829382	0.2093692311380691	0.22324315585255444	0.43822582074997785	1	0.15007855727850264	0.20239575093230874	0.17731424061337242	0.16685391970284089	0.17320374869836863	0.20540026168668965	0.16503131009319066	0.1880390248319261	0.18943748020093226	0.17518710290094286	0.18196019832914487	0.1840001811471141	0.1786572374087674	0.37627800739612793	0.17116042130383902	0.16997552980285333	0.17220592280187036	0.16090712742980562	0.16289010433423726	0.16807091249047806	0.16695937514442852	0.17036001558310607	0.17376373626373626	0.16902864230424697	0.16952612505160788	0.17771515578483285	0.1742309977604095	0.18170097263062657	0.17825485706513114	0.18042062078759327	0.17847012639270235	0.1758466860888565	0.17668814666908694	0.171247888224282	0.17845644583503378	0.17876816357989708	0.17447065940713855	0.18318291283113142	0.1953317503696071	0.18136349299328616	0.17740110437222775	0.17547979227816662	0.17424105936402126	0.17072403880704276	0.17579439463402516	0.17878774181883927	0.17381510182014778	0.17441939044443944	0.1860797676237292	0.20858785483291412	0.17925060344244173	0.15817326097236922	0.17314471763781294	0.17593093499233614	0.1785496785835119	0.1538334668488761	0.3843181214785097	0.21733066680701016	0.23032336038280343	0.20796649058214609	0.22027680506920128	0.21604251293751042	0.2345829636202307	0.21022901188190443	0.20638280096911638	0.17171339854784862	0.20742867877942084	0.17654499934115167	0.18825729852809628	0.17861830017323743	0.18782014797951052	0.30081913925367315	0.33486806677436726	0.22335884011276683	0.19190155256623645	0.19696969696969696	0.19324818514273237	0.19388646288209607	0.19287137359788215	0.19973138910207214	0.19015459723352318	0.16603053435114504	0.3623695411346277	0.18769655422068374	0.16194615115640143	0.17732999731927443	0.17093998522445786	BLUEPRINT_SE.neutrophil
0.21808875182044032	0.21062055111576924	0.23416543669383302	0.21364268939723405	0.22655252011384774	0.1815351082048887	0.15007855727850264	1	0.322103605180259	0.3527789422588972	0.311061995800641	0.23111411512898503	0.25560820798191464	0.23403439093740128	0.37174299688750556	0.36533126179114417	0.4250240702178635	0.3877482555018787	0.3761578735400725	0.3956941018165508	0.2376325283870825	0.6318128479764312	0.6915590964098427	0.6988814093741398	0.7171901115074713	0.7231060323150845	0.7286198893054812	0.7425143612424381	0.6648495911580106	0.6382022471910113	0.7076042477342906	0.7024691976359811	0.59439355162764	0.6168840685915287	0.38231937887364914	0.4092391426579403	0.38418393465245165	0.39849624060150374	0.35956130984160883	0.4039781292892019	0.3585923623445826	0.4002472743621445	0.41637673677358533	0.24742777553129353	0.3944575601791585	0.37808165143646044	0.3739538817663818	0.39156114367533223	0.4412285883047844	0.4509178699949893	0.41385146420220464	0.46687332284630334	0.397814823158369	0.3926131034790764	0.3935542949032921	0.3910817106940354	0.3696413606377721	0.3946739882586665	0.4805556824932596	0.4300473525613431	0.43549011129065296	0.38828405017921147	0.3162876239178217	0.2072200557103064	0.21836333586456425	0.22870111731843576	0.21512605042016808	0.19089958158995815	0.18950078607395932	0.21049533641220683	0.1903036105032823	0.18027404755933518	0.751009896990507	0.2671597366284838	0.2552630392643015	0.21616791164474589	0.25828872193980834	0.2229573498775211	0.27976587549224247	0.26024874328306463	0.2809202715114586	0.21831372728521078	0.22464281632186536	0.22383142288420618	0.22345461614105702	0.22308167608760326	0.23511178977596464	0.22194228126431517	0.4337587632572353	0.2360335195530726	0.3569854075739541	0.23448789739884393	0.35816126402080256	0.4309774633697628	BrainSeq.brain
0.35347250531013324	0.31398729406697534	0.36866240392688754	0.32978425931900796	0.30115295926210606	0.27321764120702996	0.20239575093230874	0.322103605180259	1	0.7579983788680684	0.38317009794123524	0.3072313135780628	0.36464399367869593	0.30591857528906213	0.7292428016107633	0.7217184549756405	0.6166989039329465	0.6702142459654981	0.670716438673777	0.6549334939982389	0.33549222797927464	0.4058601553829079	0.3850389679596776	0.40389521084270535	0.34195059437005615	0.3500706588941883	0.37998891966759	0.37111801242236025	0.4029410460009759	0.4172033935948119	0.39125998225377107	0.3966634129026533	0.44585732387790944	0.42606839507270866	0.6688810703208184	0.6302346027486002	0.6433385292499542	0.6387572528260015	0.6073814753798279	0.6442329953234246	0.5198300603376195	0.6346887352920779	0.632732823015194	0.31310824890820016	0.5237234626647145	0.6744133059922534	0.5907474126259266	0.61375685768291	0.6107985480943738	0.5464394537862544	0.563558938117242	0.5176173559443216	0.592283724340176	0.6145312858125144	0.6232733457445586	0.5697752960778133	0.5435153394617344	0.6423664560597357	0.470479787760241	0.5916916758805876	0.5668603993758339	0.6049274896003309	0.38226744186046513	0.34099205016235584	0.3057342839753065	0.3228670420095279	0.291497183129228	0.20369926058411675	0.2106940200785683	0.23785963382737577	0.20891547327977647	0.19493339157021183	0.397992939765991	0.2842146872803935	0.2478233493280066	0.2558514396749691	0.25865699832830374	0.26106253312135663	0.3115464706132336	0.3061023832424922	0.30502778570957895	0.25458801704909345	0.25512050851946677	0.254438261791203	0.25311844574456344	0.2528651871480623	0.26193101623147497	0.2595945766903679	0.4432723065405295	0.3177426536064114	0.8030518434271633	0.2939624398572094	0.6220506415351424	0.4676711848050182	FUSION.adipose_naive
0.308799280467696	0.2772984166702619	0.318978102189781	0.289057953835212	0.2682717489381368	0.22364217252396165	0.17731424061337242	0.3527789422588972	0.7579983788680684	1	0.41787136910889316	0.28883100692357355	0.30279793196333143	0.30257759543346413	0.6348725772999261	0.6189055676204568	0.6127141781208811	0.6334426541185417	0.5914951207350951	0.6435972212343221	0.2710788354013054	0.3733854482557225	0.36798112571621167	0.38364003590664275	0.36578829834747656	0.37032243668414594	0.36128540695589817	0.36136659338687244	0.3748737628761866	0.3849371443992174	0.37411088922296765	0.38191326988687374	0.42548732394366195	0.393892992253648	0.5827682678173456	0.596283143939394	0.5866504797702706	0.5847259318788853	0.5742551264485265	0.612578705676277	0.5240932228537515	0.6165360279535367	0.641328204281028	0.29011160714285716	0.5352024343220831	0.5640316296654909	0.5266947171575502	0.7025644635273691	0.5782421549569564	0.5357626690546715	0.6124804201603243	0.4692373957199855	0.5243022305266846	0.5901287553648069	0.6030898876404495	0.5176583318123745	0.4627281778957849	0.6008583690987125	0.4973354984790614	0.5518809425382389	0.5292085137749931	0.5493840197113692	0.45282586266192826	0.28530291530871915	0.26013388281982514	0.2834352104738371	0.2525691095935243	0.17727561365477676	0.1837803488474012	0.20414544023438355	0.18463561643835616	0.17064240298180225	0.39946127946127946	0.24891292351837546	0.23204672754615	0.21818828182282757	0.24231657875234316	0.2233971653263429	0.26334308364068	0.2553649440596697	0.2627400824714988	0.2141206789300631	0.21544336397140446	0.21613397596783865	0.21393675608456209	0.21343996445629235	0.22177633912735012	0.2214963446881319	0.466090732698882	0.265060508493394	0.7096974918629141	0.30125214829364105	0.5659425110687986	0.4710665071558332	FUSION.muscle_naive
0.4125438168345388	0.35661922270092256	0.46927661094123163	0.39546684709066304	0.25711862893867715	0.24317550633340107	0.16685391970284089	0.311061995800641	0.38317009794123524	0.41787136910889316	1	0.4476638314547173	0.4492258600930316	0.4134724901792148	0.4589661513314718	0.4613675523714519	0.49197216410443007	0.46279454788741975	0.4436378485061591	0.46011199020652443	0.33134700351195195	0.3412593963998126	0.3289905186837702	0.34546669636890176	0.3255726541080746	0.32527725003313745	0.3250317435566149	0.32815044504428137	0.3403221853345514	0.34752863573561527	0.33665813202716244	0.34312261859667104	0.37309249454998444	0.35345923167822346	0.44383015362305706	0.44040677966101693	0.47729383252927454	0.439310282404055	0.5248553847572077	0.440385659967409	0.6850479718818276	0.4520464125458913	0.46726345609065156	0.42913587133361225	0.5266501781216673	0.455102405867096	0.4673468002804986	0.4767838464686889	0.41732705315088064	0.4187897381174692	0.49124266474807204	0.37680838336619626	0.4154492740594237	0.4779657949506832	0.47148805213613326	0.4674420162064424	0.45304229911202487	0.47212417413340574	0.42464681688125894	0.4067149264999778	0.4244775986262572	0.4461663395817825	0.6557614076361319	0.2953197248223751	0.3244952677773449	0.37000792841771435	0.3089563184672503	0.219340107318187	0.22586400128084902	0.2524585685667456	0.22914903835159056	0.2151435434061535	0.295696529603065	0.3003235367316003	0.29560385169186465	0.22298715662596214	0.3121960007205909	0.22990451682806257	0.29368884646258653	0.28579863540937717	0.2883572996461049	0.22617431441759436	0.234913744375862	0.2352768095604545	0.2316425066148036	0.23207820419985517	0.24445751515699937	0.22794267012752512	0.4952140148094636	0.2914104923035498	0.4616565109456105	0.3903437176686976	0.4403031933979189	0.5850610303356668	GENCORD.fibroblast
0.3678366597843542	0.31803340302083577	0.39518564778017484	0.34166258370080027	0.2964681556992763	0.2659536371666627	0.17320374869836863	0.23111411512898503	0.3072313135780628	0.28883100692357355	0.4476638314547173	1	0.5603783424995259	0.8384047432598725	0.3431795103238181	0.3479897232488957	0.3500022658268002	0.3401977867795153	0.3400837198778142	0.3303575474690715	0.34189421424479666	0.258571656087184	0.2496402713381906	0.26103267171407135	0.25867061908562305	0.2608973189859566	0.24974318000228285	0.2471730439748715	0.26121947892511255	0.26783157990411055	0.2576582321725465	0.25912109908106634	0.2839082535669135	0.26969655735474213	0.34465568421291154	0.33475238332465296	0.3621350634031259	0.339046841699542	0.37491418371550184	0.33079399628168504	0.3799679119871648	0.3313919231292209	0.33535550173167034	0.793190483862306	0.3686143723099804	0.35842413708581233	0.3675157503512668	0.33408941411300386	0.3200974641277863	0.3276578448197995	0.3586048833620768	0.3114105491623522	0.34127541882977036	0.3530988731370411	0.34561908866157093	0.3861511075058023	0.40578684245454144	0.35728868926092283	0.3054187192118227	0.32952213427147464	0.334826579786873	0.35180067950169874	0.3951453301223205	0.36028479469423585	0.3194676733406604	0.3505137974829696	0.3039516593132553	0.23567771229832865	0.2433938043451934	0.263275559508642	0.2435294687863513	0.2346181818181818	0.22304022751249944	0.36738659844534094	0.3577843218379615	0.28432980468167585	0.3685646096147289	0.293943759936407	0.3241631965776959	0.31364440462241827	0.3495692992644212	0.29307944715123796	0.2958078776138678	0.29798080270552546	0.29609479803249367	0.2971501044464339	0.3151785714285714	0.29462910518209373	0.32816344959927757	0.3238471226506491	0.32213580081355325	0.8517689592838082	0.3432383942588024	0.39449117090140473	GENCORD.LCL
0.43120997640714526	0.3591203163934801	0.4533279584341127	0.40377435804042977	0.4434364359359002	0.3449378164593882	0.20540026168668965	0.25560820798191464	0.36464399367869593	0.30279793196333143	0.4492258600930316	0.5603783424995259	1	0.4259800226159065	0.39430796491151315	0.4006296733569461	0.37475948924260977	0.3749207529020834	0.38583761337558736	0.3584901536511267	0.4604225053578578	0.31674593132335616	0.30208401670712237	0.31390300835533064	0.29530377668308705	0.2978322750164222	0.2999562267454585	0.29537794896485314	0.3171614929866277	0.32122691896841143	0.31000371235778396	0.31060291967617343	0.3403621660398687	0.3230806068917478	0.38925572852894874	0.37160213268070974	0.4116358058507724	0.3730143122473506	0.40805256659022754	0.36107954545454546	0.3768889873698205	0.3639959786694641	0.36252977556327715	0.5000118038669468	0.40309822739323825	0.43921542959375137	0.41683463324861975	0.34810943206420714	0.35966131133304385	0.3656837857189351	0.374742742041424	0.3632614075456953	0.3918839186206595	0.3906773169931065	0.38570022958347	0.4529234690514381	0.5151821417585798	0.39882216432777984	0.327680062460691	0.3709369439743089	0.3742020930131573	0.3951003103282486	0.3589376264865725	0.4485806359888157	0.3667497461460353	0.4131856612201181	0.32993786524380386	0.2699923750548765	0.27304677564799185	0.30361262341976564	0.271661463753035	0.2555164916500902	0.2752122091744733	0.5217486711854489	0.4581651419972771	0.40022534400920556	0.4848208937342758	0.41192262518277045	0.41752424415288075	0.3887835522558538	0.5207286432160804	0.4159443320812867	0.42553652720572294	0.4247710843373494	0.4248422674950633	0.4232557019339611	0.45347066076738957	0.41453175973901363	0.36195488393422576	0.43791471448617025	0.36917531403604587	0.43608398900369705	0.40340574173125204	0.4502419615012367	GENCORD.T-cell
0.33952101345415875	0.30441778471877146	0.3568681318681319	0.3244972362695519	0.2704732387650495	0.24684087549473083	0.16503131009319066	0.23403439093740128	0.30591857528906213	0.30257759543346413	0.4134724901792148	0.8384047432598725	0.4259800226159065	1	0.3416824623160935	0.34500788821275635	0.3453160769736395	0.34034269675637746	0.3329562935480952	0.335501269035533	0.3167672352354255	0.2430954334153678	0.23741369061228224	0.2507114723493386	0.24610485613556238	0.24863021484597023	0.24149986290101452	0.23912247792469232	0.24785449247649616	0.2527634990674612	0.2464947677997401	0.2456787593086015	0.2630081300813008	0.25212374505973745	0.33578131374949	0.32497224299277183	0.3538597525044196	0.33029354385009757	0.3775423825756709	0.3281395296092173	0.3967465083638204	0.33051634682919095	0.33199049451171214	0.7884836646777085	0.3592147670670964	0.3496558023481186	0.3500781373859081	0.3428001541286067	0.3145692377086152	0.3123136014460009	0.35872591854752905	0.29618006953537723	0.32382139619220307	0.34846832106172165	0.34170979751203123	0.3626134708057828	0.3806462974377036	0.3496382973898451	0.29747164942619797	0.3203616440827002	0.31695893200588304	0.33819162681052656	0.3829217565920012	0.31277223889265315	0.31419503750721295	0.3295602454444031	0.29976111767970465	0.22908666699071598	0.23866848620723266	0.2543458813858466	0.24071318812653966	0.23208490911309015	0.2169811320754717	0.33790154055498856	0.3364596678672436	0.2648840917453698	0.3457121442905152	0.27063207963516894	0.312870074184986	0.297054441260745	0.3246352547237503	0.2710587657956079	0.275577234178146	0.2785537200225828	0.2754156245402383	0.2771859197800579	0.2962183331293599	0.274347783444488	0.29723502304147464	0.2832989591826946	0.3077370434160199	0.7005925023533972	0.3169010929940871	0.3396188876116368	GEUVADIS.LCL
0.34432618797781445	0.33526674602315765	0.35482901487667173	0.34518710793856805	0.2932986738335463	0.270201909118902	0.1880390248319261	0.37174299688750556	0.7292428016107633	0.6348725772999261	0.4589661513314718	0.3431795103238181	0.39430796491151315	0.3416824623160935	1	0.9632954910835745	0.8740973848555815	0.924045979265214	0.927504598405886	0.9021935169388252	0.36761580960475987	0.5174471574344023	0.49232101353506813	0.5301610408516059	0.4457569585879158	0.4563846379891046	0.4933726736268724	0.48113636363636364	0.5283692783692784	0.5463486992240986	0.5159808002911804	0.5180558399890778	0.5868301834988331	0.557666369476259	0.9324636764097447	0.8614402697495183	0.8805533577884869	0.8789205136265809	0.8166694512733609	0.8850927919862567	0.696274063826295	0.8731495413289326	0.8704594017094017	0.39173763362928066	0.7336399599637767	0.8586718276360584	0.7980447461516398	0.8202768334142788	0.8403167271527548	0.7476285687715056	0.7427147782553252	0.6841766032871415	0.8065127743281035	0.8338791589539133	0.8394571727350508	0.7708981924631755	0.6361729662189299	0.8839223422426444	0.6765159661508252	0.789787629105257	0.7773741445579826	0.8273737011823719	0.41787558109654965	0.31912899915220205	0.34285213351158256	0.3442662093815798	0.32954719877206445	0.22311833864410505	0.23023971849571145	0.2612061403508772	0.230314094668309	0.2137891587469201	0.40656818181818183	0.328392094017094	0.2862829148805879	0.2824312811084705	0.2999540551775439	0.290578556858174	0.31703189779169133	0.30851674641148324	0.3450166481687014	0.27754983072128425	0.27891552767196953	0.280017037302726	0.2803478572709342	0.27864478227723216	0.2906784211939497	0.2898082744702321	0.5553872731145135	0.3094523380695084	0.7862322274881517	0.3076470188627975	0.6624749533614316	0.5775353045508632	GTEx.adipose_subcutaneous
0.3477646454265159	0.3408756597732976	0.35839862616722123	0.3517101223677952	0.30143287918473355	0.27342306677223543	0.18943748020093226	0.36533126179114417	0.7217184549756405	0.6189055676204568	0.4613675523714519	0.3479897232488957	0.4006296733569461	0.34500788821275635	0.9632954910835745	1	0.8719786226163002	0.9153154031845114	0.932249719334212	0.8770454049598798	0.37437927794926856	0.523941549439811	0.49828366182454703	0.5324890492725993	0.44384966345936666	0.4533968096387717	0.4980749195995833	0.4876063045696791	0.5355140399064763	0.5518316978210879	0.5193045373039472	0.5209790209790209	0.5906486153284172	0.562468640240843	0.9225703355769697	0.8619920891765552	0.87945362498806	0.8797949655869471	0.8179460951066917	0.8711355099682173	0.6780283535301549	0.8744052363355312	0.8652163403432439	0.3946029089099505	0.7780720591744213	0.8774551066217733	0.8291945429870717	0.805151500507418	0.809531635168447	0.750295419263653	0.7349805859512883	0.6870523415977962	0.8084714548802947	0.8186200378071834	0.8155167518455423	0.8074300820926673	0.6592025361671727	0.8839843843556152	0.6588509497727537	0.7812340996345807	0.7849620548744892	0.85131729123074	0.4094838634510078	0.32437255995538206	0.3493453605990279	0.3507530708798125	0.33475727304591657	0.23159004083783427	0.23862687354402004	0.26814516129032256	0.23845004176007736	0.22296718032138224	0.4033849853665177	0.3304581730876109	0.28907974387552177	0.2899326154603864	0.3048249928947771	0.29928820843405857	0.31831164709615994	0.30937393671316776	0.349330258138916	0.2890341646890252	0.28926230058398406	0.28980770522262767	0.29147269471799464	0.28983722544387974	0.29607865043011955	0.29776991625990773	0.5558047306548322	0.31307943707063296	0.7658127355025238	0.3062189054726368	0.6496967469215218	0.5771232446498272	GTEx.adipose_visceral
0.3203140039785245	0.30979331241207664	0.3385001286339079	0.32215374635095684	0.2901425230552001	0.2488014075214427	0.17518710290094286	0.4250240702178635	0.6166989039329465	0.6127141781208811	0.49197216410443007	0.3500022658268002	0.37475948924260977	0.3453160769736395	0.8740973848555815	0.8719786226163002	1	0.8953779120144579	0.8941103687206137	0.8853479582005485	0.3498882931188561	0.5426948462617575	0.5259867135599844	0.5614752216047398	0.5003876852907639	0.5072767440271483	0.5225670603314108	0.516794680729107	0.5571481073134877	0.5751071971967356	0.5485648679678531	0.5530976500585763	0.6266093428564824	0.5916947820862412	0.8853277579633502	0.8714474392212493	0.8509539141717526	0.8828000098384042	0.7855143205800015	0.8865781710914454	0.6880785810190092	0.8887356208586842	0.890985118681589	0.39496600804893023	0.7899985786705832	0.7833829272828715	0.8111504763728635	0.8234905082669932	0.8197007362080505	0.7936638794017195	0.791696407328099	0.7056370836245051	0.8149705634987384	0.8137963957512829	0.8117050779382232	0.7605799916747606	0.6278506334741053	0.8743677242914881	0.7536677878766191	0.7945440447378933	0.8159115233678202	0.8391229724176276	0.4623134415782198	0.30312618373849687	0.3218890719384953	0.3320099793903894	0.30791885535945845	0.22306996846677987	0.2293663060278207	0.26136413641364137	0.23031735164859432	0.2117899107695026	0.43207560121730776	0.3221379156438295	0.2846292312420424	0.2758923346986542	0.2974818327515423	0.28619324062823454	0.307161601625328	0.29402629451559376	0.3330740164480996	0.27287456681218775	0.2760930650781162	0.2762243268170877	0.27729542489540693	0.2755501552585392	0.28065174944453175	0.2830197172953993	0.6415303978164779	0.30036849582667374	0.6724596435569655	0.32055828332424074	0.605022149792274	0.6349618458481961	GTEx.adrenal_gland
0.32437866278821065	0.31531024936738977	0.3333547640478334	0.32658353683573577	0.28817940786566504	0.25991499856862876	0.18196019832914487	0.3877482555018787	0.6702142459654981	0.6334426541185417	0.46279454788741975	0.3401977867795153	0.3749207529020834	0.34034269675637746	0.924045979265214	0.9153154031845114	0.8953779120144579	1	0.9588313081663714	0.9568202168938414	0.35152369445563164	0.532945825483619	0.5114991384261919	0.55212992911706	0.47199160660523676	0.48281360333477596	0.5106105648296364	0.5015002634050253	0.5469061876247505	0.5666635953192666	0.5369104422829877	0.5395841938592868	0.6050509484969616	0.5758156503267219	0.9192406692406693	0.9089318282644058	0.8726054793860389	0.924089469517023	0.8028694404591105	0.9252634703874127	0.6776360444704506	0.9193739801216436	0.9078564021529801	0.3837454867497786	0.7228221061833991	0.8109843742755135	0.7960346070656092	0.833317037399169	0.86843434951035825	0.8033054720242464	0.7670482945754885	0.7188054543756421	0.8419844376782176	0.8299863567821154	0.8321264147323998	0.7595042473193149	0.6120286693674042	0.8932170872088787	0.7062697639030885	0.8241228588304784	0.8392618091413272	0.8761463438303654	0.42373079805170477	0.3117254315253556	0.3230755723347747	0.32452944748026713	0.3101895578447954	0.21674018526687253	0.22390992383265262	0.2518262629818694	0.2254068496478018	0.20859654547864115	0.42212964658487456	0.31686617830980884	0.2818806684674001	0.27931865804474687	0.29381533866291837	0.2869435934402595	0.30242951854440703	0.292402018180657	0.3310335618267604	0.27339507424682846	0.2744934714092751	0.27569661883630303	0.2757968239666629	0.27411396255322984	0.283489516618351	0.284555227513466	0.5762834070371082	0.29714336566699295	0.7093683963371683	0.3065409947762889	0.6399778618208652	0.5793249229800536	GTEx.artery_aorta
0.3252102098889578	0.3205697093010671	0.3375501189991209	0.32833690221270523	0.2944074949731533	0.26801876197397106	0.1840001811471141	0.3761578735400725	0.670716438673777	0.5914951207350951	0.4436378485061591	0.3400837198778142	0.38583761337558736	0.3329562935480952	0.927504598405886	0.932249719334212	0.8941103687206137	0.9588313081663714	1	0.9394649579894787	0.3607643084082875	0.5425939961873263	0.5162364504868638	0.5509174311926606	0.4573643410852713	0.46797076036708946	0.5128709249691372	0.5007098044603197	0.5542989539365021	0.5754121764760063	0.5379552334648198	0.5387950812150133	0.6166639717262249	0.5883453004871516	0.9292653533043115	0.9095260302888981	0.8671989258912944	0.9320287599140168	0.789131212012871	0.9276878927316807	0.6537740271917487	0.9301707214035436	0.9168902802623733	0.3853365111792078	0.7324797208073949	0.8120645355431587	0.8364531784168878	0.8276099238516335	0.8438586813134099	0.7933338054434295	0.729910396814109	0.7178835435953641	0.8483842248369787	0.8063632683194017	0.8037260561532407	0.7761701930644938	0.6197339739312246	0.881093218088317	0.6911813643926789	0.8025327778170092	0.8418431774320364	0.878105852269986	0.3962255326114918	0.3101346372831402	0.33435077625771314	0.3335647645910176	0.31965357307717673	0.22730080296479308	0.23658525813717263	0.26403010695893303	0.23567737090860905	0.21963989837622888	0.4112934605964888	0.32203314127473315	0.28125068616472343	0.28897252710103444	0.2934097547049652	0.29635888423234646	0.30562735709140215	0.29617481683421365	0.3367755719754295	0.2850768468021815	0.2860294945401328	0.2872493804911016	0.28718179770218516	0.28715325506456046	0.2911685393258427	0.29522607402064643	0.5819742900997698	0.29907436251168174	0.697319897587673	0.29655704941860467	0.6308074077478057	0.5782488603444791	GTEx.artery_coronary
0.31757031333547214	0.3097774313674547	0.3287113435202846	0.3172467498756192	0.2757095140133165	0.24965854518218267	0.1786572374087674	0.3956941018165508	0.6549334939982389	0.6435972212343221	0.46011199020652443	0.3303575474690715	0.3584901536511267	0.335501269035533	0.9021935169388252	0.8770454049598798	0.8853479582005485	0.9568202168938414	0.9394649579894787	1	0.33921858216971	0.5278046533056899	0.5080619155111255	0.5492189836435161	0.47805502824600327	0.48654575357485497	0.5080952162546438	0.5000689053240847	0.5411269355543796	0.5614026982073553	0.5361071477884659	0.5388350631717027	0.5963028942923906	0.5724736659335571	0.8966924770551419	0.901987968212314	0.8455184998439338	0.9279290532100924	0.7829211229946524	0.9369680584760188	0.6841772151898734	0.9254333233142972	0.9204658818834797	0.3732663362284571	0.6814875645236977	0.767544769411602	0.7625632054446548	0.861750924784217	0.8698159183574996	0.8007748437240035	0.7635810103700885	0.7073445004099801	0.8242693034753527	0.8268590189077141	0.8354187180287711	0.7183075784213936	0.5827294954434319	0.8699983034827077	0.725381547206764	0.8153448806956851	0.8229084191079441	0.82178362217739	0.4334318832418227	0.300098319628173	0.31476151767471494	0.3184944137108146	0.3046490147783251	0.2086543768627884	0.21527716382282733	0.24171200740137014	0.2176114255394411	0.20060151706141224	0.4253366675078575	0.30835644627359754	0.27497361941610976	0.2691352449762926	0.2863487456852011	0.2750011287191295	0.29523204068658615	0.285699071312942	0.32266975583674923	0.2637104603644081	0.2656426219154599	0.26611592632719394	0.26611902236464985	0.26525636105027883	0.2741416188224699	0.2751705135733321	0.573117789557	0.2878771011911388	0.7011828764551258	0.3037107819716515	0.6183743955790928	0.5659721443470069	GTEx.artery_tibial
