dataset	Alasoo_2018.macrophage_IFNg	Alasoo_2018.macrophage_IFNg+Salmonella	Alasoo_2018.macrophage_naive	Alasoo_2018.macrophage_Salmonella	BLUEPRINT_PE.T-cell	BLUEPRINT_SE.monocyte	BLUEPRINT_SE.neutrophil	BrainSeq.brain	FUSION.adipose_naive	FUSION.muscle_naive	GENCORD.fibroblast	GENCORD.LCL	GENCORD.T-cell	GEUVADIS.LCL	GTEx.adipose_subcutaneous	GTEx.adipose_visceral	GTEx.adrenal_gland	GTEx.artery_aorta	GTEx.artery_coronary	GTEx.artery_tibial	GTEx.blood	GTEx.brain_amygdala	GTEx.brain_anterior_cingulate_cortex	GTEx.brain_caudate	GTEx.brain_cerebellar_hemisphere	GTEx.brain_cerebellum	GTEx.brain_cortex	GTEx.brain_frontal_cortex	GTEx.brain_hippocampus	GTEx.brain_hypothalamus	GTEx.brain_nucleus_accumbens	GTEx.brain_putamen	GTEx.brain_spinal_cord	GTEx.brain_substantia_nigra	GTEx.breast	GTEx.colon_sigmoid	GTEx.colon_transverse	GTEx.esophagus_gej	GTEx.esophagus_mucosa	GTEx.esophagus_muscularis	GTEx.fibroblast	GTEx.heart_atrial_appendage	GTEx.heart_left_ventricle	GTEx.LCL	GTEx.liver	GTEx.lung	GTEx.minor_salivary_gland	GTEx.muscle	GTEx.nerve_tibial	GTEx.ovary	GTEx.pancreas	GTEx.pituitary	GTEx.prostate	GTEx.skin_not_sun_exposed	GTEx.skin_sun_exposed	GTEx.small_intestine	GTEx.spleen	GTEx.stomach	GTEx.testis	GTEx.thyroid	GTEx.uterus	GTEx.vagina	HipSci.iPSC	Lepik_2017.blood	Nedelec_2016.macrophage_Listeria	Nedelec_2016.macrophage_naive	Nedelec_2016.macrophage_Salmonella	Quach_2016.monocyte_IAV	Quach_2016.monocyte_LPS	Quach_2016.monocyte_naive	Quach_2016.monocyte_Pam3CSK4	Quach_2016.monocyte_R848	ROSMAP.brain_naive	Schmiedel_2018.B-cell_naive	Schmiedel_2018.CD4_T-cell_anti-CD3-CD28	Schmiedel_2018.CD4_T-cell_naive	Schmiedel_2018.CD8_T-cell_anti-CD3-CD28	Schmiedel_2018.CD8_T-cell_naive	Schmiedel_2018.monocyte_CD16_naive	Schmiedel_2018.monocyte_naive	Schmiedel_2018.NK-cell_naive	Schmiedel_2018.Tfh_memory	Schmiedel_2018.Th1-17_memory	Schmiedel_2018.Th17_memory	Schmiedel_2018.Th1_memory	Schmiedel_2018.Th2_memory	Schmiedel_2018.Treg_memory	Schmiedel_2018.Treg_naive	Schwartzentruber_2018.sensory_neuron	TwinsUK.blood	TwinsUK.fat	TwinsUK.LCL	TwinsUK.skin	van_de_Bunt_2015.pancreatic_islet
Alasoo_2018.macrophage_IFNg	1	0.5878704564194273	0.6615060990385958	0.5771144509057875	0.24048218751639833	0.38245333758906813	0.22417502225317823	0.21175893208890223	0.2958775716798538	0.2439182296596338	0.30819182234435405	0.29094142331927503	0.3189204144946469	0.3012901729563348	0.27961047531366545	0.2650317041475249	0.2560064441833659	0.27214912553184833	0.24661279760317079	0.25946391510466904	0.30232480267248363	0.17889659413613743	0.17584089820130608	0.1928350641904706	0.16393309479177073	0.17186103431018407	0.18229199992743483	0.1885136246892171	0.181185252472847	0.17970311427366464	0.18474643363529256	0.19575265182296142	0.19110922361058005	0.17318412466987074	0.24065070932894667	0.23991998345829402	0.2511760792237507	0.23633173542052197	0.262830252987083	0.25379718052447164	0.29589673791649057	0.2491248282733522	0.24388391701983428	0.2443137537229265	0.2140714706430396	0.2845581632804122	0.1969107461860748	0.2394921019119872	0.24923758923312597	0.188816783623051	0.22681724986552598	0.19617502112588484	0.2043879928064633	0.23272903393178554	0.24287471285031872	0.230293181149622	0.2638086167667121	0.24413271160075073	0.18347350757327893	0.23828498523479752	0.1952601724666584	0.19999667494402223	0.27013942282424863	0.3518275934098181	0.36828097091935796	0.39133862415092036	0.3463570739031471	0.3043895148686329	0.3285050393166317	0.3516319221595348	0.323005130514782	0.3095623452917598	0.2439059446904781	0.19604206806334756	0.21940082368660674	0.19874172866761977	0.22650743898802536	0.20047367817735393	0.29455263435466134	0.3130357773716329	0.21446441909640568	0.20781816488242558	0.21065127412316928	0.21807974455670942	0.20875262399937192	0.20679367962744644	0.22287638401032406	0.20420527885129452	0.22692717646825739	0.30152875626237735	0.292103563344848	0.2983040219508024	0.2616355747235753	0.21896761633613768
Alasoo_2018.macrophage_IFNg+Salmonella	0.5878704564194273	1	0.48915461715857467	0.6165741023939156	0.19674495125257907	0.3007379250419588	0.19167478567278579	0.1791130389364115	0.24619742282683876	0.2012884454869636	0.26432929018892726	0.24172321492463306	0.2641670740149394	0.25516007864711765	0.24501609707561464	0.2312463206306217	0.21639113385166606	0.23353680294540777	0.2081918313904401	0.22467788510877165	0.25994281528835333	0.14965346276264999	0.15171849824850184	0.166216298594533	0.1371517435736142	0.14523211765340147	0.16111607426429758	0.15639492507393918	0.1536433724797863	0.1554131673295068	0.15805830608253027	0.1637161199191733	0.16257798247812458	0.1455850782509965	0.20557589762021078	0.20526918720614304	0.21458677348759933	0.2077169068725229	0.23297549999560965	0.21822980406070966	0.25088357697293784	0.2110181932934877	0.20594926448580167	0.20542906526506743	0.18691039731182446	0.2462328774309425	0.1687196229833384	0.20251114490662753	0.21486412530453025	0.1614187229568821	0.1905639755825586	0.16553106528182948	0.17916571962288377	0.2023442478554678	0.21363747401180344	0.19480384908191328	0.22109019448327816	0.20842390844211295	0.15519521918414547	0.20332802974421427	0.16602582116857786	0.17202808348188375	0.22070600567536638	0.2904262774182344	0.36291701158504214	0.3321087205631363	0.37783267707659923	0.30662578609103547	0.3406009877402125	0.32674618516563364	0.3271027375878097	0.32906415641097786	0.20111927969574667	0.16349610630156156	0.19157844262926163	0.15907491836522997	0.198302894321218	0.16319683959890643	0.24302787897103095	0.25360130422137633	0.1771933864704198	0.17076769162519298	0.1731700371579522	0.17880443570503268	0.1766410750419745	0.17214526187238632	0.1835229181088939	0.16577012361870558	0.19377717395284896	0.24827095448184014	0.2442004357535269	0.2480808198427872	0.2214903072005351	0.20244066530012605
Alasoo_2018.macrophage_naive	0.6615060990385958	0.48915461715857467	1	0.57246991880284	0.24898226231884688	0.38384402239979015	0.2238174921518299	0.22451227918623248	0.3135373878927877	0.25720864532682364	0.333273237385058	0.2955105620177844	0.31959104472478217	0.3031290243535997	0.29344456436397315	0.2775750352239982	0.27112447166846326	0.28319176849559213	0.25529513690027406	0.2708420709786716	0.30176855494183724	0.18563758021083826	0.19017506545238846	0.20928829808002664	0.17929995652274472	0.18370489541959895	0.20118501993273763	0.20279876838814287	0.19224932254362784	0.19824380085653923	0.19456561934157118	0.2018105728763818	0.20012780877386602	0.17943096886485202	0.2564007540369407	0.2568072104067979	0.26473604291898456	0.24881653017194294	0.2746572298369307	0.27140352476904606	0.32156423540926893	0.26312682031508255	0.25374867239582705	0.24797781137899286	0.22353959033868231	0.29740347913121995	0.20396908325781818	0.2505304537338303	0.26506850510002694	0.20064228779629378	0.24028614159222222	0.21270191768433563	0.2243365019153709	0.24578267712388885	0.255353885686738	0.23949046917133673	0.27641236665643215	0.25708448856391847	0.19616361384797043	0.2471222063273245	0.20683645157741215	0.20735286751295162	0.30190724937375446	0.35705332513253074	0.3583100747113842	0.40571535301965883	0.326171304726206	0.27218923615839075	0.2965200501940864	0.32875098040499234	0.2955911096397344	0.2741355006075011	0.2638414358364528	0.20027355428531823	0.21921298865942204	0.20389346951911227	0.22599396042325573	0.20473559613895415	0.2864760417272767	0.3162329750835907	0.21856136630813827	0.21764190302415612	0.21882200712594918	0.22295402145917645	0.2164268859194073	0.2127317710644935	0.22752701225789687	0.2104547415356387	0.2511050969280955	0.30324161914692305	0.3063792050609079	0.3020033332570225	0.27906114442641894	0.22296731213135065
Alasoo_2018.macrophage_Salmonella	0.5771144509057875	0.6165741023939156	0.57246991880284	1	0.21038468333812527	0.3178486340786255	0.1922178183230802	0.1931131032227501	0.2721970859943513	0.22172110139813608	0.29882480494256974	0.26199387085154957	0.28133331707325887	0.2767263978148503	0.25959496863316966	0.25048560938114584	0.23333957997473673	0.2503807038519826	0.22341751629380477	0.24705562099151154	0.26898054015468376	0.16131368411372143	0.16959656046200444	0.18479880321777672	0.14769905079786264	0.15395535628983953	0.17511724691849007	0.1761180704153479	0.16779945069467758	0.17082038196112473	0.16779063601622307	0.1779609212437566	0.17740242762553377	0.15677971487807799	0.2254744699834883	0.22306359809918658	0.2309643036953927	0.22423022334236445	0.24816387170228332	0.23889162889366405	0.286042840332719	0.2327534476873585	0.22634138856565097	0.2249537322030671	0.19968238162169719	0.25897124914403447	0.1836946496867301	0.2203774049407564	0.23514349433668477	0.17984501502427244	0.21103899436454512	0.17834451850789174	0.19253259040892362	0.2197553312274352	0.22984259900975865	0.2143468924282632	0.2359495999986799	0.22369867736483828	0.16688754601231717	0.22008443062752536	0.18039997478251346	0.18103158772417316	0.25613036542365586	0.3029209460731815	0.38631154134990736	0.3573308997236693	0.37823818362417616	0.30076562887183284	0.3389256258080987	0.32887578379059484	0.33332646471102	0.32836169769496965	0.22459309364840635	0.17212257216268895	0.2096197083986949	0.16931289364861501	0.21752995552396723	0.17177184583869975	0.24869585950960513	0.26698509970705125	0.1895460014658177	0.1827731594039808	0.1853869230367705	0.18746926318365936	0.18631687700432	0.18344621044464846	0.19077712439895075	0.17579637753989258	0.22246687909447493	0.2586836614754346	0.26715484419240754	0.27177437857905684	0.24480582968806408	0.21348594374199428
BLUEPRINT_PE.T-cell	0.24048218751639833	0.19674495125257907	0.24898226231884688	0.21038468333812527	1	0.4460982287095151	0.29467317317870034	0.2601004018527036	0.34053479132361597	0.28409749901340703	0.25590407771346	0.3440010292448665	0.4590785539846435	0.3389619464683794	0.33957589675594246	0.32492696680677874	0.28435743354074244	0.3201390553540068	0.2955750098102935	0.31440323482218024	0.3755451422564477	0.21258386396764406	0.2271157252955589	0.25184388098177773	0.2479647614390488	0.25736866690167853	0.24192858794466368	0.24611359356257367	0.22835881573876685	0.23804413928827908	0.24482869569358048	0.24474479322914616	0.23002475683154466	0.2132000634443068	0.31631935063946237	0.30296125038740856	0.3235303513609143	0.29915829632797913	0.31904151386082474	0.3239336638246685	0.29317446567918487	0.2960268737018733	0.2888791321620714	0.3112191752086646	0.25723085977352156	0.3504623412755275	0.26313632258808767	0.2744079470514363	0.3288878138202482	0.27547776426082554	0.29594899714116646	0.2784299399974105	0.2876634483477824	0.3145033726892705	0.31839791638956194	0.32380081959437707	0.36223969904738956	0.3212206937213302	0.23139481961635838	0.33929421987756964	0.27042208994708916	0.2664980258222141	0.24951908408743417	0.4758002799512481	0.2420627871851827	0.26304742007055754	0.2183778590821378	0.2381481667488	0.24776750034864278	0.2726910939512599	0.24259255906668473	0.2294479443848938	0.3053939406140907	0.3971752893425283	0.4305868493687883	0.5492589959204424	0.43361610246235394	0.5326208578748536	0.3201154128201642	0.3162646346142512	0.3989979905648612	0.5298164510355012	0.5095161491655421	0.5208897199526366	0.5180985792794895	0.5151540115299326	0.48882470829843155	0.5283635634667093	0.2148156899072353	0.4333736657586522	0.3217148751735125	0.3730070251971318	0.33984770104516643	0.2466268595758702
BLUEPRINT_SE.monocyte	0.38245333758906813	0.3007379250419588	0.38384402239979015	0.3178486340786255	0.4460982287095151	1	0.4919422226468419	0.2497130504310435	0.3718145690224277	0.2952421890333501	0.2835767194661822	0.33879728675399085	0.40988088811108847	0.33347612597998333	0.36505859472150065	0.3484823885192217	0.30072793166591344	0.3361214901194754	0.31270065695911076	0.3301120283552303	0.49308199184409535	0.2140707334368829	0.21852101006782962	0.24211997579312644	0.21795943285753422	0.22995284325163182	0.23138043951296372	0.23118885113503482	0.22123687623726207	0.22780921558823763	0.2248757905956887	0.22878564957333294	0.2354697500723626	0.21192277612864016	0.3218104555436181	0.31047500607221606	0.3307900174218177	0.2959049887381883	0.32621491618061055	0.3235343892736123	0.31874376500521645	0.30854618000518136	0.3036901957136122	0.2971520484797454	0.2743164532381541	0.3877753051190144	0.25534346887736786	0.28769089043557244	0.335229078135486	0.25378249912595047	0.2917502822529762	0.265165409018953	0.2705413640673585	0.3054677822209074	0.312603187728095	0.3079213025123845	0.38451181202266277	0.31751510947891365	0.22601655713225044	0.3195157791474312	0.25902085310424233	0.2582585071732052	0.23814185652562903	0.5543333395186377	0.3874826211340137	0.42976800802960147	0.3539489712850582	0.3983742103497592	0.4158785768974324	0.46243731803082744	0.40787958816277675	0.3866146205525006	0.29618798969411425	0.32906954977828096	0.2900216137564625	0.3283766691005619	0.30589117810743927	0.324757929116528	0.5075203931474659	0.5878083129021536	0.33698893723256534	0.3337108107994674	0.3444083730179259	0.34017741812705754	0.3350679666593628	0.3365393604951913	0.3424067967925438	0.3276268853875848	0.20186706814555136	0.49072940188158104	0.3522028317222112	0.36369161733589345	0.33368902576691445	0.24296375467400574
BLUEPRINT_SE.neutrophil	0.22417502225317823	0.19167478567278579	0.2238174921518299	0.1922178183230802	0.29467317317870034	0.4919422226468419	1	0.1607436767407693	0.24281306826580953	0.1946360435714161	0.1745000892124302	0.2003990137395156	0.2543113307231012	0.1967542108341096	0.23049171877154567	0.2264189473819315	0.18829571020476507	0.21496608760704855	0.19955324612645262	0.21877610462502067	0.42380663833112414	0.1379593121184587	0.1463308852050095	0.159756709366471	0.15237905014630163	0.1628109169445411	0.15333259194235582	0.15483825872203424	0.1455029083432349	0.1503137265729912	0.14696647785913003	0.15437474825600128	0.15432441080976744	0.14199838857568917	0.2040874530799521	0.19947263252253725	0.20971811210869834	0.19485577083588762	0.21030253634242305	0.2094793537180842	0.19864643479287974	0.19927100373788215	0.20237815655175098	0.17833470918465077	0.18480887096705914	0.25723026242678543	0.16899492054254311	0.1905671167370224	0.22208277785295352	0.1693341373012258	0.1915224069853848	0.17399066101492391	0.17699169370158271	0.20157588872275461	0.20930872084605315	0.20036626212971886	0.2692935025591052	0.20237992596100987	0.15899210787099735	0.21259170757318857	0.17146203972508653	0.16867101839044357	0.1472259504746197	0.44321392642948276	0.23182575016796056	0.2498744923672442	0.21554331228551982	0.2659185808417966	0.2769572816493621	0.30309947889175104	0.27265547646152666	0.26324024697667836	0.19531366987658422	0.22279723317219197	0.18485970463827317	0.2193074359827437	0.19043057239191777	0.21350672952861038	0.32952838455272154	0.35222817739627116	0.23546249246446876	0.2196749600348358	0.2237587007065323	0.222147179173452	0.21892327934344574	0.21877478281206741	0.2224730934026398	0.22014424715553593	0.12439961042325057	0.42275155841483397	0.22146526269106695	0.22074350512465013	0.2120485921298291	0.16679342231659974
BrainSeq.brain	0.21175893208890223	0.1791130389364115	0.22451227918623248	0.1931131032227501	0.2601004018527036	0.2497130504310435	0.1607436767407693	1	0.35926487352848363	0.3231329428689687	0.28099471926300895	0.2586736229920728	0.29380979237502475	0.2811432934750062	0.3889773093142701	0.37135218902490325	0.35635253754059804	0.3790333093227998	0.3556040978674396	0.38558591643827517	0.25664591977815904	0.4213080437667144	0.46939156866394954	0.47529822892437557	0.40880688447464525	0.43177781289646716	0.5182168948261174	0.5131138409599301	0.43740146320608553	0.4278089216304659	0.45955106941991164	0.4501637293082661	0.3699840809651464	0.3894293082126671	0.36883427017056736	0.37139053895753843	0.3569065524455069	0.369653481381162	0.34474724361873504	0.4024521040295827	0.34134477983604067	0.3766506510715789	0.3735714848626889	0.251691129498956	0.2763776652127823	0.373791529173724	0.28847665185618354	0.3489319554261976	0.40975695449976157	0.32771688546226657	0.3278535745846669	0.3741757060461677	0.34077506532264257	0.34632300022158613	0.3540610379967785	0.3227697081369358	0.3302281619391855	0.35590770153098217	0.313104402538647	0.38872815640900193	0.3322506755215179	0.30901977951129755	0.2673813831970177	0.270110882725173	0.24113639922634245	0.26792673584134447	0.22308107687002898	0.22093292126488553	0.22851315394203459	0.252285834856105	0.23190619900675186	0.21406243337565214	0.5827064091905502	0.24454859115921945	0.23128149040806775	0.2620001996738256	0.2444189610651975	0.25848034966455796	0.24411684028965927	0.24566353766759985	0.24367016411502845	0.25884163543246136	0.2579987058335026	0.2649027851827855	0.2562967351495675	0.2559356540581841	0.2569150613908849	0.2635618679982679	0.2934804788253947	0.26790416537221123	0.38139730857187565	0.2864385173982478	0.3757965509358804	0.2869150836008137
FUSION.adipose_naive	0.2958775716798538	0.24619742282683876	0.3135373878927877	0.2721970859943513	0.34053479132361597	0.3718145690224277	0.24281306826580953	0.35926487352848363	1	0.5283900596128923	0.3356473735148766	0.3040199709457553	0.36273355483802827	0.31804861747669283	0.5818399799089444	0.5287383004986865	0.4147894968801471	0.4725243857632778	0.45388227083472316	0.49215396625354807	0.34830900492501526	0.30972606336728536	0.32494552101582463	0.3562603397529573	0.3055772286578451	0.316993461023642	0.33616502745006566	0.33546242044693225	0.3257053311087259	0.32458534811833334	0.3361371390923043	0.33646036492625914	0.3209097113971016	0.30387375176391707	0.5053155166819614	0.43918929109256283	0.43616543820931913	0.4529512490516629	0.4258749100104132	0.487868418925057	0.40825774765896616	0.44897594816864916	0.44711002139730127	0.2829599966687205	0.34244196168682545	0.48104361265773093	0.3532497299234554	0.42025969263242346	0.5006479714410467	0.36969453802120933	0.3779621936264327	0.36878904293794074	0.3893233581044207	0.4307653401477609	0.4495525793976432	0.38910946841189886	0.4159430606119213	0.43774213080919927	0.32539118863275013	0.46060042717718624	0.3761446500434229	0.3672061118451514	0.2917480172067794	0.4218075857305949	0.30655761887450256	0.3416073212903726	0.28325469610223697	0.26436481859107613	0.27533886414353853	0.30738114880703815	0.27509751303450586	0.25713530641631477	0.42412171373193447	0.27987414138568323	0.2590848204242767	0.29926133468586835	0.2739665028888539	0.3063524092968329	0.3218027694046089	0.3304301184187212	0.29743904147545946	0.30294445420791266	0.3051200856413064	0.30679432659176675	0.30088798430491503	0.29664331739831945	0.30724562797284133	0.30246805203004457	0.27154780406273554	0.3620428707403312	0.6553586918237847	0.3309307368484212	0.4885630025205682	0.31519834004245456
FUSION.muscle_naive	0.2439182296596338	0.2012884454869636	0.25720864532682364	0.22172110139813608	0.28409749901340703	0.2952421890333501	0.1946360435714161	0.3231329428689687	0.5283900596128923	1	0.2824824252199438	0.2574233197330123	0.2891635085826625	0.27626562916953684	0.409899974652849	0.37978510157734635	0.339170194211073	0.3761210825958717	0.3474086448364502	0.39797724295928333	0.26833144933646935	0.2640969971398066	0.28100880811440115	0.3002969220447225	0.2808818729132396	0.2945980754375618	0.2967649995666482	0.29109423959826325	0.2681678024421005	0.2743103909031675	0.2808997542360082	0.2945028723002552	0.2659345893647282	0.25629995777356906	0.3623485985456778	0.3600886225509066	0.3467820108371286	0.3631595196894715	0.34427493975948736	0.4024243975477755	0.32855162819600103	0.40185451991524346	0.415711130574539	0.2402604286966171	0.2896055466065629	0.36681258443102815	0.28550464782460006	0.5590606374815674	0.3889676683807268	0.3022310451594241	0.336957977167526	0.30511660338481844	0.30812950836677605	0.3465683524540567	0.35354938977498207	0.3042003781844845	0.3144637170187101	0.34889196440465003	0.26832884215061975	0.3647502627513468	0.3017388125415896	0.28836843596275263	0.26355942032686785	0.33622056732455036	0.23869552036385783	0.267262197020724	0.22345973505607947	0.20147009728598134	0.2182781186634082	0.23825554896568488	0.21736009059726832	0.20196698319555328	0.3653882553747014	0.23520190094257795	0.22357329922366823	0.2473491144241879	0.23030249915884396	0.25064673170539303	0.2500495512124065	0.25831655234033774	0.24089502971320073	0.24490098970743002	0.24995818302357112	0.25695743198759574	0.24586038513312272	0.24537111929204405	0.24893734286297428	0.25069923633731955	0.2426394738121381	0.28067109000825	0.4411846470550988	0.28032853249931555	0.38886148859651204	0.25793602259692044
GENCORD.fibroblast	0.30819182234435405	0.26432929018892726	0.333273237385058	0.29882480494256974	0.25590407771346	0.2835767194661822	0.1745000892124302	0.28099471926300895	0.3356473735148766	0.2824824252199438	1	0.33790215881737795	0.3388313435642457	0.3302664806886318	0.3508665784820786	0.3409909597023152	0.3280723068854605	0.36072786880766244	0.3227542122436688	0.3588410917688374	0.2651926655715193	0.2280857121829985	0.2361325292649131	0.25506541861254495	0.22210864412022077	0.232013332396444	0.24563764528568208	0.252130811709925	0.236003803190115	0.24219216042650912	0.24571246649254788	0.24497569595189125	0.23406413767911377	0.22174938590339524	0.31959494393130217	0.31899912235502403	0.3211693506282659	0.32108065983335976	0.33817916286657645	0.3448858943292868	0.46710951569078873	0.32383867692294355	0.32213888470530766	0.271128345728204	0.26648633879227085	0.3403144982018275	0.2620422313468822	0.30393231325847503	0.3348641613214636	0.2657320982959687	0.29954071093542733	0.273034401129904	0.2843494421808435	0.30847741208700163	0.3199811922767617	0.28451643479082733	0.28786309856806974	0.32012627149699185	0.24405581463540602	0.3124719624078663	0.28129031732341686	0.26856225384863347	0.3097444651516844	0.29976734983198566	0.28741133736960284	0.2997573055952628	0.2628303192318309	0.22684616152616272	0.25671775470722197	0.26972163074885064	0.25858103657896275	0.2391808054327779	0.2922505707186207	0.21519865700336616	0.253277196470251	0.2326450478084244	0.26167637380394393	0.22868062243476178	0.24586410385002677	0.2589017202674359	0.23677671805181513	0.24114669098433864	0.24467994315214822	0.24608879611453444	0.2409958966501589	0.23774714345551545	0.2468086555482221	0.23885001977503809	0.2751980750541419	0.2760516414769394	0.367316874456888	0.3267832824480298	0.34674735668875534	0.27844663778068257
GENCORD.LCL	0.29094142331927503	0.24172321492463306	0.2955105620177844	0.26199387085154957	0.3440010292448665	0.33879728675399085	0.2003990137395156	0.2586736229920728	0.3040199709457553	0.2574233197330123	0.33790215881737795	1	0.47638734358281526	0.5873264779098452	0.3249347359196664	0.31360133176682836	0.2939523069246916	0.3094584229274346	0.28781203374372677	0.3094534216695435	0.3330652453608801	0.21657647974904576	0.2209274477709482	0.24694589851795082	0.2336201487718226	0.24508849887961745	0.23499805456180048	0.23524609425841983	0.22455812200585762	0.2292748226201186	0.23727362786520861	0.2359537535921383	0.22504980741959524	0.2131560515694691	0.304166138851321	0.2937188296837039	0.3202566418070043	0.2951547833817078	0.3274623948410966	0.31227835476697424	0.33345805645852516	0.2925780502050586	0.29205515648558916	0.5015487746873621	0.2667771213074196	0.33949093040242745	0.2635319988938455	0.2779823245697386	0.31240801666346674	0.2573529945247806	0.28439394666620377	0.26568254939109043	0.271362447144389	0.30320217209941897	0.30865331845368155	0.3111258852935816	0.3487026927812794	0.3102208791681817	0.24183219567213032	0.3165304744681032	0.25812308925475747	0.26678689131927624	0.3000196035526216	0.3765641826704729	0.29219752074023936	0.305526028539932	0.2629119293001697	0.26134338892849635	0.2814264380803092	0.2967298261705792	0.27500242039983896	0.2630379114912328	0.2719367573736787	0.3417045053087247	0.3215151589114352	0.3191477393730577	0.34208064164301544	0.3229767694458069	0.3049771198320228	0.30099507094995714	0.31602446079669494	0.328318366452657	0.32465629764928583	0.3284371823481244	0.32217205010388045	0.3236805848068852	0.3450764831082496	0.32330330515251243	0.22064281711747027	0.3548983879396977	0.328463413240803	0.6417859019934234	0.3358129541021433	0.2541732658337789
GENCORD.T-cell	0.3189204144946469	0.2641670740149394	0.31959104472478217	0.28133331707325887	0.4590785539846435	0.40988088811108847	0.2543113307231012	0.29380979237502475	0.36273355483802827	0.2891635085826625	0.3388313435642457	0.47638734358281526	1	0.4255081444026347	0.3825931925520991	0.36838390923112807	0.3315900955429941	0.35801487136570026	0.33461263776958883	0.3475133781759726	0.41972222246743734	0.2447692250030711	0.25366410585770643	0.284547429950164	0.26670216554860254	0.28011614239535515	0.2747034921457458	0.27231102548072467	0.25801867847090354	0.26587550876564175	0.27213240462704563	0.2658706025737748	0.2660588945714953	0.24305629925250524	0.3560757435076482	0.3458689086927094	0.3718306863910823	0.33579611473139526	0.37019210181621093	0.3615508934777507	0.34864494953578096	0.33731488491412975	0.32620589947149015	0.3831496731809336	0.2914972163890506	0.4119710878388856	0.2920058373931851	0.3101615881707025	0.36515948536266823	0.30084540939594334	0.3221268062079007	0.3083123784993197	0.311379410993877	0.3486298469478052	0.35313041252432514	0.37065168355228517	0.411238106733444	0.36360577095804775	0.26260829326484214	0.37027092399312195	0.3048833052846811	0.30485860902731765	0.2815156107170583	0.47757810685898877	0.3357673682681061	0.35680194996066195	0.29846959775197773	0.3176378125454608	0.3397379046894754	0.36729974108649127	0.3288076428229897	0.3081721688042259	0.31483142059333474	0.3725609190093519	0.3860688058994683	0.42899032490305494	0.4022277981384776	0.43596712786827985	0.3687738350369651	0.3755783183715938	0.391950249765274	0.43709973926601386	0.4230601470693316	0.4363854738956186	0.42981299206148504	0.4302313182194734	0.4437277551732387	0.4325780012847426	0.22318326365418786	0.4628189743994115	0.37853829549514345	0.4687721168117671	0.38588973715344604	0.26986859185182127
GEUVADIS.LCL	0.3012901729563348	0.25516007864711765	0.3031290243535997	0.2767263978148503	0.3389619464683794	0.33347612597998333	0.1967542108341096	0.2811432934750062	0.31804861747669283	0.27626562916953684	0.3302664806886318	0.5873264779098452	0.4255081444026347	1	0.33597456554826327	0.328097405005696	0.3069840777548327	0.3250179561036314	0.2989199575246614	0.32597268533892615	0.3511850207899647	0.21867220287802933	0.22660266015788597	0.25722259547972454	0.23951971358111745	0.24894629351275982	0.2450273071836856	0.24556620812504767	0.23395085164431276	0.2392666415654927	0.24823513161782637	0.24992065734365682	0.23135186910745767	0.2248045602119724	0.31845178120122186	0.3094487328288211	0.33983340354027114	0.30378699019046984	0.35194355290785095	0.32787138934135135	0.3618749135155259	0.3143162059397725	0.3066946424812712	0.568558759532188	0.28497064173224435	0.3532450619508352	0.2673406418961634	0.3006126540054261	0.32216128858727494	0.2594096684203622	0.3053135200439175	0.27136148806610855	0.281524256993845	0.32333157581735267	0.32026023488267896	0.32244355327731167	0.3636113660111809	0.3320755688746552	0.2545917642470189	0.32513692297455893	0.26440707960565435	0.27572918081605163	0.3230251316337667	0.38862257734788436	0.3251900140389826	0.34284774529060996	0.2939222802183396	0.2843817146925039	0.31080333086680906	0.32907727374713147	0.30954976805458556	0.2919870027025556	0.27385414353211096	0.33270873652316196	0.3255792678683652	0.31131763720413547	0.3395156948590847	0.3138798692108176	0.30192466590872513	0.30178605137609443	0.3077924586427241	0.3247567237339117	0.3199342496483302	0.33407296623350746	0.316064515734276	0.320320507395294	0.3408568828174751	0.315193755123393	0.22691351443399416	0.33981305496292374	0.32350930963447555	0.6422379740439279	0.3344154362898172	0.2561233490386663
GTEx.adipose_subcutaneous	0.27961047531366545	0.24501609707561464	0.29344456436397315	0.25959496863316966	0.33957589675594246	0.36505859472150065	0.23049171877154567	0.3889773093142701	0.5818399799089444	0.409899974652849	0.3508665784820786	0.3249347359196664	0.3825931925520991	0.33597456554826327	1	0.659413562529991	0.5078050642237515	0.5942846052978762	0.5679862360349703	0.6238487526310335	0.4108020987825627	0.35735957418603503	0.37616144159196974	0.4192390674722546	0.36989155690522585	0.3946524141161921	0.40458615060088754	0.3916278943264835	0.38128715245690215	0.38556767678808884	0.3953496122945381	0.4023903814392419	0.3726826060630656	0.35783685230238	0.650944878073337	0.562984457363529	0.555625802473025	0.5694059521553517	0.5283192744866981	0.6170550216780835	0.48729165805649194	0.5506188652747389	0.542524050491386	0.34241609814387114	0.4126685581336707	0.6059743419406153	0.4460776165440525	0.5184915166198854	0.6601849224611495	0.4714161523678897	0.4610547609426236	0.4526990459973201	0.49877468655281076	0.555407761497648	0.5922617854256035	0.49833032283620554	0.5075890879609338	0.5511800303941881	0.4043463385529294	0.5858500667056644	0.49265109595683265	0.47822725787385406	0.2769982029142526	0.3815967137072625	0.3179964187931898	0.34575428536667613	0.2960218279956197	0.28596254809232186	0.3007503589837011	0.33116927121065914	0.3028108409597934	0.28370340205927336	0.397688184396821	0.3028716512314467	0.2889136085667124	0.3289916854137684	0.29501433309331176	0.3287395126833663	0.33696506678499966	0.3523276733071684	0.3181471045599777	0.33185784598214796	0.3287362393429221	0.3343992864274987	0.3262552851798832	0.3254356829789635	0.330104965290388	0.3302210461529428	0.2664072855937373	0.35769994084086215	0.6100266993930985	0.34488345916057134	0.5149036081420049	0.32640644613354197
GTEx.adipose_visceral	0.2650317041475249	0.2312463206306217	0.2775750352239982	0.25048560938114584	0.32492696680677874	0.3484823885192217	0.2264189473819315	0.37135218902490325	0.5287383004986865	0.37978510157734635	0.3409909597023152	0.31360133176682836	0.36838390923112807	0.328097405005696	0.659413562529991	1	0.4894126667368104	0.5638528446545041	0.5508166138809372	0.5647861136902154	0.4057691451375342	0.351864964415491	0.36303502848172736	0.39914504746271756	0.35693637240748605	0.3760294873066614	0.3894133194585041	0.37962343941637183	0.3631022249202799	0.3727025200803674	0.38073802726411554	0.3824208324903672	0.3613763098296852	0.34709119075416983	0.6124716647711614	0.5470105094663623	0.5443342600495019	0.5566430268714911	0.5200776261126351	0.5853745286789744	0.4582174527497213	0.554266235937168	0.527816293659222	0.3321211451508656	0.4109571695079037	0.5933614992501279	0.4320159399513266	0.4759379991160208	0.597444343535984	0.46005612708701193	0.44954492780747213	0.4403245344881451	0.48459802893906473	0.5230847341142009	0.5291110335298751	0.4938206913930329	0.49915338485216404	0.5415563868295322	0.3839954705502827	0.5712708358918992	0.4756192332334667	0.4627111665004114	0.27094737105410255	0.3745065629984335	0.3051547129955659	0.324203050260126	0.276030612960972	0.2717691406783817	0.28291554685875836	0.30987216480637486	0.28394867727125067	0.26368221286994764	0.3804519862335023	0.28680020635303727	0.2809047907708716	0.3072276123421165	0.29145105118198955	0.3115791529122636	0.31539597172503575	0.3307962148824265	0.29984571843110663	0.3138085024189287	0.31127803532337883	0.31671214113736534	0.3103383778237735	0.30725294207119114	0.31402670659443654	0.31337447651516515	0.25276298200646513	0.34536046964813677	0.5459988214359695	0.3340269524132916	0.4672544851573313	0.32180384405285606
GTEx.adrenal_gland	0.2560064441833659	0.21639113385166606	0.27112447166846326	0.23333957997473673	0.28435743354074244	0.30072793166591344	0.18829571020476507	0.35635253754059804	0.4147894968801471	0.339170194211073	0.3280723068854605	0.2939523069246916	0.3315900955429941	0.3069840777548327	0.5078050642237515	0.4894126667368104	1	0.49613654271848395	0.4705146021124561	0.4885168987498072	0.34172477604703366	0.3193267678951843	0.3422494182020022	0.37904662462514094	0.32489527827328163	0.3463603922646487	0.3682875313425357	0.35630007217143356	0.34488024607992646	0.35175030885009717	0.35960156777567	0.36446686799328054	0.33798499939894355	0.32534706530718444	0.48741102828689636	0.4683143642683891	0.4824156417178179	0.47485876512029657	0.46400351894584857	0.5116769062839692	0.4303838048440306	0.4769551207005312	0.4711371261555095	0.30917265473282535	0.3916899084879832	0.5062219528236686	0.3770808191144243	0.4206107285301924	0.5020001427433394	0.42933827295347915	0.44922987878893467	0.4139976396041749	0.4428508273952259	0.44352687202682917	0.4463132433141691	0.43062084993579536	0.44418724570988244	0.48894472174878867	0.37211616123873276	0.5019280092855515	0.42218046144761756	0.4081588226836309	0.2665745757313571	0.3216016656226916	0.27704542592035203	0.3027997503831989	0.254666484224132	0.2399062340363567	0.2548265105743129	0.2799497674151383	0.2540731971620236	0.236777056099168	0.3646960020368026	0.2545500110806423	0.2547614724722662	0.2754616776123673	0.2610466034280044	0.2773841145409107	0.2757317975083413	0.28878621899454854	0.26486892982251564	0.2756759175993604	0.2788464215216687	0.2828974818416055	0.2728562933704665	0.27034753118749055	0.28120513670977665	0.2750879890570385	0.2484343650185016	0.29668962525028864	0.4348480831740152	0.30795467262000104	0.4113023194913541	0.30184255185013015
GTEx.artery_aorta	0.27214912553184833	0.23353680294540777	0.28319176849559213	0.2503807038519826	0.3201390553540068	0.3361214901194754	0.21496608760704855	0.3790333093227998	0.4725243857632778	0.3761210825958717	0.36072786880766244	0.3094584229274346	0.35801487136570026	0.3250179561036314	0.5942846052978762	0.5638528446545041	0.49613654271848395	1	0.6092884049314102	0.6635539250201274	0.385501281502551	0.35266846447155475	0.3713976734646301	0.408717680968668	0.36908563319218635	0.3874632918146279	0.4070640713270854	0.39063105660085434	0.37335035999306604	0.37805587375724553	0.3923707305040521	0.39028851155479616	0.36605119331400554	0.35011860154904634	0.5488948280514696	0.5446367095624493	0.532398630921725	0.559330070123231	0.5133923713780718	0.6093090909490998	0.4723490582231424	0.5462777220928434	0.5316569204132926	0.32631516497093166	0.39248786162893495	0.5682710702259024	0.4165490575857564	0.4723441085257511	0.5904325533356753	0.46741532748884984	0.45888309214278616	0.44116497588188613	0.47498202886404006	0.4921866025378247	0.5106284341281287	0.469233438471731	0.4737396822427722	0.5326398997925849	0.38006347380113903	0.5436493597644514	0.4833888604244649	0.45017743016684586	0.2686876492928844	0.3595419755262843	0.2946055897270669	0.3209841097719036	0.2726247822241719	0.262112375859398	0.2760740974320498	0.306014635092732	0.27348476728374654	0.2598926762205358	0.39353332466331764	0.2874817005193644	0.2795173937856563	0.30685575950450555	0.2839228097294303	0.30875788069883575	0.3078763095617543	0.3194438606805133	0.3054595839913955	0.3095742063030341	0.3112937447379196	0.3139587649323881	0.31041998699168216	0.30247355809444504	0.3105800970441651	0.3178609258967259	0.2609717902154273	0.3380989821177951	0.4878443992874286	0.3314084273655223	0.4549357205870971	0.3046913778794785
GTEx.artery_coronary	0.24661279760317079	0.2081918313904401	0.25529513690027406	0.22341751629380477	0.2955750098102935	0.31270065695911076	0.19955324612645262	0.3556040978674396	0.45388227083472316	0.3474086448364502	0.3227542122436688	0.28781203374372677	0.33461263776958883	0.2989199575246614	0.5679862360349703	0.5508166138809372	0.4705146021124561	0.6092884049314102	1	0.5977395568674313	0.35974003820076783	0.33089545139814347	0.35036895466105505	0.3806887627530928	0.3333211220315516	0.35634630160399594	0.3774275264001249	0.36184247947603515	0.35609472315943325	0.35346691313262546	0.3644795658870941	0.3642312431566568	0.34455229722424613	0.33131984418329624	0.5326116552330503	0.5128748930872057	0.5077755416608462	0.5340806966116796	0.47908240554405757	0.5671737775802098	0.4288382571683623	0.5283973961784089	0.5085326675676991	0.30412684328011463	0.3776458736002507	0.5375980621726665	0.39624586442619814	0.4380668511145032	0.5641274948407926	0.44772293449457046	0.42585200149170943	0.4189206156101911	0.4627263065529827	0.46620864614269	0.47586834146280355	0.44986924612942364	0.4561555900257698	0.49801391847274157	0.36335606824955774	0.5250192862113062	0.4596487339572817	0.43858675608504766	0.24694356387130362	0.3329437231804609	0.27557814942025555	0.3014156487074263	0.2551903164375706	0.24175920423317776	0.26040461678795934	0.28297547710393767	0.2597026725264482	0.24224292330409697	0.35877545186922966	0.2709391170668179	0.2541991321647669	0.286616773338365	0.2596289028545574	0.28891855536220995	0.28833681015618373	0.2973434745116668	0.27083939551841374	0.28465933189061904	0.2848808979852154	0.28798154384466756	0.28165006630655176	0.280031641620009	0.2863379260745506	0.28863570841062663	0.2412584296398654	0.3131103179316571	0.4709885413126811	0.3028434334968037	0.4272385017679524	0.2907567518506688
GTEx.artery_tibial	0.25946391510466904	0.22467788510877165	0.2708420709786716	0.24705562099151154	0.31440323482218024	0.3301120283552303	0.21877610462502067	0.38558591643827517	0.49215396625354807	0.39797724295928333	0.3588410917688374	0.3094534216695435	0.3475133781759726	0.32597268533892615	0.6238487526310335	0.5647861136902154	0.4885168987498072	0.6635539250201274	0.5977395568674313	1	0.37357748980640515	0.35580918638019254	0.3745679396117181	0.4146079726708344	0.37256772939645677	0.39306683625482197	0.40775617621989113	0.39099918467150024	0.3714566678725188	0.383765153074272	0.39609850575721833	0.3929478278234424	0.3650915716509258	0.3488441010441612	0.5553238029874487	0.5479989280444753	0.5328135671180763	0.5672199490604045	0.5051515319630816	0.6165742158801308	0.4777950329218025	0.5481455664095949	0.5295854311832211	0.32696867682622477	0.38202769409350185	0.5590734564796991	0.41761112568199443	0.5059860742704247	0.6237656032576109	0.4716982980224865	0.45443721719079516	0.4381188318866892	0.4816989643290112	0.5068762092923125	0.5374708854892959	0.4636988880697539	0.45616900223062645	0.5295035725394148	0.3937572639370246	0.5522712582593245	0.4856436897731469	0.4553255085341106	0.2751678279666232	0.34805524974341223	0.291114538259371	0.31756601630125136	0.2656172091110633	0.25416219016604985	0.2718590607606019	0.2969023537051072	0.27079323017590784	0.253159750652511	0.3976460515286279	0.283414942010211	0.27271494759386417	0.30422340683466537	0.28113268919272927	0.3041125393906412	0.3070749787145569	0.3171622257843849	0.2933581174615323	0.30738760899118456	0.30679805441154084	0.3107094044455231	0.3043845601716818	0.3042095052654664	0.30998048083186486	0.3080599089684927	0.26320581426033607	0.32244223540201644	0.5005487073105686	0.32721392549969064	0.46531865594733895	0.3153282823965863
